start=1019.766667
fullscreen=yes
sid=1
sub-delay=0.100000
